X = [      0    25 ;
           0    50 ;
           0    55 ;
           0    57 ;
           0    83 ;
           0    92 ;
           1    47 ;
           1    48 ;
           1    66 ;
           1    75 ;
           1    93 ;
           1    96 ;
           2     5 ;
           2     8 ;
           2    13 ;
           2    25 ;
           2    55 ;
           2    57 ;
           2    70 ;
           2    75 ;
           3    12 ;
           3    34 ;
           3    47 ;
           3    62 ;
           3    76 ;
           3    84 ;
           3    93 ;
           4     1 ;
           4    15 ;
           4    20 ;
           4    28 ;
           4    29 ;
           4    34 ;
           4    35 ;
           4    53 ;
           4    78 ;
           4    81 ;
           4    89 ;
           5    14 ;
           5    16 ;
           5    22 ;
           5    24 ;
           5    26 ;
           5    38 ;
           5    51 ;
           5    59 ;
           5    68 ;
]
