Z = [      0 ;
           0 ;
           0 ;
           0 ;
           0 ;
           0 ;
        2209 ;
        3481 ;
        4356 ;
        5625 ;
        8649 ;
        9216 ;
         -50 ;
        -128 ;
        -338 ;
       -1250 ;
       -6050 ;
       -6498 ;
       -9800 ;
      -11250 ;
         432 ;
        3468 ;
        6627 ;
       11532 ;
       17328 ;
       21168 ;
       25947 ;
          -4 ;
        -900 ;
       -1600 ;
       -3136 ;
       -3364 ;
       -4624 ;
       -4900 ;
      -11236 ;
      -24336 ;
      -26244 ;
      -31684 ;
         980 ;
        1280 ;
        2420 ;
        2880 ;
        3380 ;
        7220 ;
       13005 ;
       17405 ;
       23120 ;
];

