  0                        0                        0                      -20          0        
 -0.5                      0                        0                      -19.048374  -0.049024 
 -0.52000000000000001776  -0.01000000000000000021  -0.00419999999999999974 -18.990411  -0.070408 
 -0.5999999999999999778    0.00160000000000000008   0.00410000000000000035 -18.860402  -0.388974 
 -0.67000000000000003997  -0                       -0                      -18.745901  -0.755374 
 -0.79000000000000003553   0.00830000000000000009  -0.07000000000000000666 -18.398432  -1.399316 
 -0.92000000000000003997  -0.02000000000000000042  -0.01930000000000000118 -18.263563  -2.490096 
 -0.96999999999999997335  -0.00740000000000000033   0.00570000000000000021 -18.217868  -2.944018 
 -1                        0                        0                      -18.187308  -3.207355 
 -1.0300000000000000266   -0.01949999999999999997   0.00530000000000000002 -18.097697  -3.357559 
 -1.0400000000000000355   -0.00899999999999999932  -0.02920000000000000026 -18.061082  -3.397013 
 -1.0800000000000000711    0.02000000000000000042   0.01930000000000000118 -18.001621  -3.610191 
 -1.1137999999999999012    0.00416099999999999977   0.00020000000000000001 -17.994728  -3.807293 
 -1.133799999999999919     0.00122499999999999996  -0.00113199999999999998 -17.967784  -3.853187 
 -1.1396150000000000446    0.00090300000000000005   0.00038200000000000002 -17.959894  -3.863698 
 -1.1496150000000000535    0.00092699999999999998   0.00037599999999999998 -17.943947  -3.869817 
 -0.00008500000000000001  -0.48777199999999998337  -1.1291739999999999     -16.889717  -3.870367 
 -0.000113                -0.48782599999999998186  -1.1311739999999999018  -16.886714  -3.873668 
 -0.00014100000000000001  -0.48787999999999998035  -1.1331739999999999036  -16.883712  -3.8767   
 -0.00025399999999999999  -0.48678300000000002123  -1.1363900000000000112  -16.881762  -3.877612 
 -0.00031300000000000002  -0.48982599999999998364  -1.1315720000000000223  -16.881276  -3.878689 
 -0.00031300000000000002  -0.48766599999999998838  -1.1361740000000000173  -16.879927  -3.879413 
 -0.00339999999999999981  -0.49999900000000002676  -1.124900000000000011   -16.865989  -3.885514 
 -0.00089999999999999998  -0.49999900000000002676  -1.1294999999999999485  -16.859437  -3.900969 
 -0.01089999999999999997  -0.50999899999999998013  -1.1349000000000000199  -16.827094  -3.914647 
  0.01209999999999999964  -0.53520000000000000906  -1.1033999999999999364  -16.809586  -3.917134 
  0.00559999999999999994  -0.51379900000000000571  -1.1555999999999999606  -16.788567  -3.94876  
 -0.00519999999999999976  -0.54830000000000000959  -1.1002000000000000668  -16.781728  -3.965655 
  0.00559999999999999994  -0.52999899999999999789  -1.1368000000000000327  -16.775542  -3.990231 
 -0.00300000000000000006  -0.52820000000000000284  -1.1539999999999999147  -16.755725  -4.000155 
 -0.01000000000000000021  -0.54620000000000001883  -1.1302000000000000934  -16.744802  -4.026388 
  0.01000000000000000021  -0.5999999999999999778   -1.0967000000000000082  -16.656908  -4.147721 
 -0.05999999999999999778  -0.61119999999999996554  -1.1200000000000001066  -16.591904  -4.189512 
  0.05999999999999999778  -0.64139999999999997016  -1.1367000000000000437  -16.493686  -4.362735 
  0.07000000000000000666  -0.68879999999999996785  -1.1000000000000000888  -16.420711  -4.519781 
 -1                        0                       -1                      -16.374615  -6.41471  
 -1                       -0.5                     -1                      -15.99259   -6.463734 
 -1                       -0.69999999999999995559  -1.1200000000000001066  -15.512421  -7.973642 
 -0.93999999999999994671  -0.9000000000000000222   -0.96999999999999997335 -15.38318   -8.131157 
 -1.1000000000000000888   -0.95999999999999996447  -0.93999999999999994671 -15.111292  -9.418492 
 -1                       -1                       -1                      -15.072766  -9.622065 
 -1.0400000000000000355   -0.93999999999999994671  -1.1000000000000000888  -15.042267  -9.996794 
 -1.0600000000000000533   -1.1000000000000000888   -1.0300000000000000266  -14.765274 -10.789208 
 -1.1399999999999999023   -1.0800000000000000711   -1.1299999999999998934  -14.619948 -11.422539 
